PSNR = 32.11733679811648
SSIM = 0.9799915773205248
